00000000000000
20260525052116
20260525060856
20260526014001
20260526021551
20260526024840
20260526074731
20260527011639
20260527030703
20260527045835
20260527073803
20260527080426
20260527092004
20260527231541
20260528015847
20260528041245
20260528063853
20260609084513
20260609111500
20260610061821
20260610113000
20260611100401
20260611120000
20260613052845
20260613064044
20260613070940
20260614210903
20260614230313
20260616024757
20260616054439
20260616062418
20260616064246
20260616065358
20260616070809
20260616071916
20260616072103
20260616081504
20260616110000
20260616113000
20260617055610
20260617062838
20260617070729
20260617071240
20260617071549
20260617072040
20260617223949
20260618000050
20260618000100
20260618000200
20260618000300
20260618000400
20260618000500
20260618000600
20260618000700
20260618000799
20260618000800
20260618000900
20260618001000
20260618021722
20260618021800
20260618021900
20260618022000
20260618022100
20260618022200
20260618022300
20260618022350
20260618022400
20260618022500
20260618022600
20260618022700
20260618022800
20260618022900
20260618023000
20260618025652
20260618030715
20260618033000
20260618033500
20260618034005
20260618054727
20260618061520
20260618062447
20260618065339
20260618110500
20260619050843
20260620110100
20260621110100
20260621232252
20260622000000
20260622231029
20260622235226
20260623000001
20260623000250
20260623000836
20260623001143
20260623003958
20260623004634
20260623075940
20260623084301
20260623093000
20260624000100
20260624011731
20260624052220
20260624075954
20260624101230
20260624101231
20260624120000
20260624150000
20260624160000
20260624170000
20260624171000
20260624180000
20260625000100
20260625000200
20260625000300
20260625000400
20260625002556
20260625004101
20260625004358
20260625034447
20260625235900
20260625235950
20260626000001
20260626000002
20260626000003
20260626000004
20260626010000
20260628000001
20260629000100
20260629000200
20260629035404
20260629113624
20260629200000
20260630075042
20260630100000
20260630141317
20260701000001
20260701000002
20260702021758
20260702025048
20260702031010
20260702031615
20260702031846
20260702032411
20260702113000
20260703022530
20260703073434
20260703093000
20260703094500
20260703111500
20260704110500
20260706090000
20260706110000
20260706214824
20260706220632
20260707014837
20260707015731
20260707140000
20260707150000
20260708060302
20260708071124
20260708072729
20260708090000
20260708100000
20260708110000
20260708120000
20260708130000
20260708135000
20260708140000
20260708142000
20260708150000
20260708160000
20260708170000
20260709000000
20260709015853
20260709021945
20260709025118
20260709031138
20260709032943
20260709033935
20260709040000
20260709041000
20260709041815
20260709042000
20260709051741
20260709075000
20260709075100
20260709075200
20260709075300
20260709075400
20260709075500
20260709075600
20260709075700
20260709084428
20260709085335
20260709095300
20260709111000
20260709170000
20260709170100
20260709231800
20260710075046
20260710120000
20260710130000
20260710140000
20260710144238
20260710150000
20260710160000
20260710161000
20260710170000
20260711035550
20260711035600
20260711035700
20260711110300
20260712011734
20260712012414
20260712012856
20260712013713
20260712014730
20260712014811
20260712022827
20260712025240
20260712025842
20260712031504
20260712031632
20260712121455
20260712123359
20260712124721
20260712231935
20260713024137
20260713111000
20260713120000
20260714040602
20260714040613
20260714040632
20260714040704
20260714040717
20260714040742
20260714040749
20260714055236
20260714055240
20260714055245
20260714055255
20260714063038
20260714071505
20260715000100
20260715000200
20260715000300
20260715014530
20260715015941
20260715025200
20260715030000
20260715031000
20260715032000
20260715090000
20260715115000
20260715120000
20260715130000
20260715140000
20260715150000
20260715160000
20260715170000
20260716004150
20260716004202
20260716072500
20260716083926
20260716090000
20260716093021
20260716093041
20260716093049
20260716093123
20260716093912
20260716094320
20260716094506
20260716103000
20260716103100
20260716103150
20260716103200
20260716103300
20260716103400
20260716103500
20260716110000
20260716111500
20260716112016
20260716144818
20260716160000
20260716170000
20260716173000
20260716180000
20260716180100
20260716181500
20260716191000
20260716200000
20260716200100
20260716210000
20260716220000
20260716225256
20260716230000
20260716230750
20260716231500
20260716232000
20260716232100
20260716232101
20260716232200
20260716232300
20260716232301
20260716232400
20260716232500
20260716232600
20260716232700
20260716232800
20260716232900
20260716233000
20260716233100
20260716233200
20260716233300
20260716233400
20260716233450
20260716233500
20260716233600
20260716233700
20260716233800
20260716233900
20260716234000
20260716234100
20260716235000
20260716235100
20260716235200
20260716235300
20260716235400
20260716235500
20260716235600
20260716235700
20260716235800
20260716235900
20260717001000
20260717010000
20260717010500
20260717023232
20260717024703
20260717031526
20260717041048
20260717061109
20260717063102
20260717063255
20260717120000
20260717130000
20260717140000
20260718073958
20260719111026
20260719111027
20260720092355
20260720120000
20260721025955
20260721130000
20260722060000
20260722060100
20260722103245
20260722110641
20260722120318
20260722130000
20260722135734
20260722140000
20260722150000
20260723031037
20260723111654
20260723143058
20260723150408
20260723233725
20260724023000
20260724132456
20260724150001
20260726110616
20260726235325
20260726235326
20260727025244
20260727025253
20260727060151
20260728083000
20260728094000
20260728111348
20260729003727
20260729003820
20260729040703
20260729060039
20260730003711
20260730235749
20260731004833
20260731013559
20260731013622
20260731021216
20260731022408
20260731022516
20260731024542
20260731043600
20260731044216
20260731051812
20260731052208
20260731052944
20260731053011
20260731053654
20260731055146
20260731055210
20260731063233
20260731092158
20260731100000
20260731131340
20260731133705
20260731141000
20260731221500
20260731223400
20260731224500
20260731225000
20260801112000
20260802112000
20260803010000
20260803051810
20260803051900
20260803051902
20260803051904
20260803065714
20260803105045
20260803120000
20260803130000
20260804010000
20260804015820
20260804015845
20260804015908
20260804015934
20260804020000
20260804022908
20260804044222
20260804072745
20260804120000
20260804130000
20260804140000
20260805002043
20260805005208
20260805005209
20260805005211
20260805005538
20260805023000
20260805025520
20260805032852
20260805032945
20260805033011
20260805040029
20260805041625
20260805042444
20260805043110
20260805044744
20260805044754
20260805044806
20260805051443
20260805051918
20260805052522
20260805054021
20260805054939
20260805055605
20260805060601
20260805061000
20260805061530
20260805071000
20260805071100
20260805072000
20260805072100
20260805081048
20260805081059
20260805081119
20260805081414
20260805081452
20260805081827
20260805081854
20260805081936
20260805083410
20260805110700
20260805110710
20260806010000
20260806031500
20260806120000
20260806120100
20260806120200
20260806120250
20260806120300
20260806120400
20260806120500
20260806120600
20260806120700
20260806120800
20260806120900
20260806121000
20260806121100
20260806121200
20260807013343
20260807121130
20260807124853
20260807133201
20260810012915
20260810015315
20260810024119
20260810024133
20260810024546
20260810031239
20260810120000
20260810135717
20260810140500
20260811025625
20260811150000
20260811160000
20260811163000
20260811180000
20260811181000
20260811190000
20260811200000
20260811200100
20260811200200
20260811200300
20260811201000
20260812001640
20260812011150
20260812012831
20260812013640
20260812015112
20260812020000
20260812022300
20260812030143
20260812040858
20260812041031
20260812041042
20260812042054
20260812042350
20260812042410
20260812043538
20260812060000
20260812111211
20260813024800
20260813025709
20260813032331
20260813100602
20260813100640
20260813100718
20260813100749
20260813100854
20260813101544
20260813101607
20260813101724
20260813101858
20260813102157
20260813102341
20260813102430
20260813102513
20260813102731
20260813102836
20260813104831
20260813105057
20260813105144
20260813105344
20260813113831
20260813114012
20260813114048
20260813114735
20260813120000
20260813150000
20260813160000
20260813180000
20260814012709
20260814012729
20260814012802
20260814015533
20260814015600
20260814015618
20260814015635
20260814020103
20260814041438
20260814041453
20260814043000
20260814050000
20260814055947
20260814061438
20260814061454
20260814061511
20260814061547
20260814061700
20260814061750
20260814063022
20260814063115
20260814063131
20260814063203
20260814063417
20260814063744
20260814072717
20260814073211
20260814073222
20260814073339
20260814073449
20260814075036
20260814080359
20260814080514
20260814080606
20260814080641
20260814080711
20260814080806
20260814080839
20260814080901
20260814080926
20260814081219
20260814081244
20260814081447
20260814083633
20260814083650
20260814085422
20260814090000
20260814090536
20260814091013
20260814100000
20260814110000
20260814120000
20260815060438
20260815060611
20260815061927
20260815062801
20260815062917
20260815065509
20260815073230
20260815075911
20260815075949
20260815120000
20260815230246
20260816040208
20260816040425
20260816040519
20260816040541
20260816041205
20260816041216
20260816041707
20260816042007
20260816044217
20260816044238
20260816044252
20260816044523
20260816050308
20260816050404
20260816051001
20260816060707
20260816060754
20260816073804
20260816074129
20260816074137
20260816074214
20260816074734
20260816075652
20260816080308
20260816080406
20260816080610
20260816080649
20260816081212
20260816081345
20260816081353
20260816083644
20260816083650
20260816083651
20260816100000
20260816100001
20260816100002
20260816120000
20260817031039
20260817031140
20260817032314
20260817034346
20260817034410
20260817034817
20260817034820
20260817043644
20260817045749
20260817050444
20260817074050
20260817090000
20260817091500
20260817092615
20260817092654
20260817092800
20260817093034
20260817100000
20260817111411
20260817111433
20260817111741
20260817112613
20260817112758
20260817140000
20260817150000
20260817160000
20260817170000
20260817180000
20260817190000
20260817191000
20260817232220
20260817232512
20260818000000
20260818011822
20260818020000
20260818083433
20260819014110
20260819015430
20260819040123
20260819040550
20260819040956
20260819041204
20260819042557
20260819050000
20260819052115
20260819052530
20260819060000
20260819060500
20260819070000
20260819073724
20260819075723
20260819081038
20260819081317
20260819082103
20260819082445
20260819082559
20260819082909
20260819120000
20260819120100
20260820010150
20260820021203
20260820025640
20260820025800
20260820030025
20260820030121
20260820030652
20260820080447
20260820081122
20260820082034
20260820085033
20260820090000
20260820100000
20260821002701
20260821060334
20260821060335
20260821080924
20260821090000
20260821120000
20260822011901
20260822015313
20260822022349
20260822023610
20260822023651
20260822023843
20260822024615
20260822024801
20260822024830
20260822025100
20260822025429
20260822025559
20260822025907
20260822031356
20260822031458
20260822032124
20260822032132
20260822032900
20260822044500
20260822045800
20260822053115
20260822053500
20260822055410
20260822060000
20260822061500
20260822062357
20260822062831
20260822065343
20260822070109
20260822070239
20260822070304
20260822074000
20260822074200
20260822074500
20260822074530
20260822074557
20260822074656
20260822075500
20260822080100
20260822103643
20260822104500
20260822111500
20260822120000
20260822121000
20260823063236
20260823063258
20260823072533
20260823074222
20260823074258
20260823074825
20260823075444
20260823075501
20260823080426
20260823080500
20260823080554
20260823080700
20260823080830
20260823081250
20260823081423
20260823081445
20260823081856
20260823082100
20260823083000
20260823083100
20260823084239
20260823084500
20260823084600
20260823090127
20260823091137
20260823092739
20260823094500
20260823094600
20260823094700
20260823105058
20260823120000
20260823213148
20260823214802
20260823215754
20260823220758
20260823221730
20260823222153
20260823222231
20260823222618
20260823222813
20260823223232
20260823223931
20260823231634
20260823231647
20260824020621
20260824022923
20260824032957
20260824034438
20260824044645
20260824044647
20260824050722
20260824050822
20260824050935
20260824051049
20260824051447
20260824052322
20260824080700
20260824083500
20260824084300
20260824090000
20260824110000
20260824133000
20260824141000
20260824141010
20260824143000
20260824150000
20260824150100
20260824161000
20260824185000
20260824193000
20260824224858
20260825042000
20260825043500
20260825070000
20260825080000
20260825082917
20260825083518
20260825083833
20260825083914
20260825084029
20260825112339
20260825112400
20260825112407
20260825114353
20260825170000
20260825181000
20260825190000
20260825200000
20260825201100
20260825224300
20260826004002
20260826004811
20260826010642
20260826020000
20260826021500
20260826051035
20260826051108
20260826051510
20260826051601
20260826052954
20260826053051
20260826053216
20260826053244
20260826063255
20260826065507
20260826072225
20260826073834
20260826074942
20260826075012
20260826075119
20260826075127
20260826075536
20260826082205
20260826120000
20260826130000
20260827011219
20260827061500
20260827062000
20260827062500
20260827063000
20260827073317
20260827074900
20260827090000
20260827090500
20260827091500
20260827093000
20260827093500
20260827094000
20260827095500
20260827095600
20260827095700
20260827101000
20260827101202
20260827101340
20260827101655
20260827102035
20260827134952
20260827140400
20260827140500
20260827140600
20260827140700
20260827140800
20260827141000
20260827141100
20260827141200
20260827201000
20260827202500
20260827203000
20260827210500
20260827211500
20260827212000
20260827212500
20260827231557
20260827235909
20260828000100
20260828004444
20260828004517
20260828004602
20260828020055
20260828032352
20260828033000
20260828033011
20260828034633
20260828034852
20260828035056
20260828035324
20260828035808
20260828040054
20260828040552
20260828043132
20260828071558
20260828072411
20260828072744
20260828073828
20260828074321
20260828075026
20260828075609
20260828080100
20260828080429
20260828080722
20260828081232
20260828082128
20260828082738
20260828083413
20260828084100
20260828085104
20260828085859
20260828090549
20260828092744
20260828092854
20260828103500
20260828110000
20260828111500
20260828111501
20260828111502
20260828121400
20260829004050
20260829004115
20260829011200
20260829013000
20260829021723
20260829105500
20260829120000
20260829123000
20260829124500
20260830063933
20260830064000
20260831135305
20260831140610
20260831161000
20260831170000
20260831170100
20260831170200
20260831170300
20260831170301
20260831170302
20260831170303
20260831170304
20260831170305
20260831170400
20260831170500
20260831170600
20260831180000
20260901000111
20260901000433
20260901003647
20260901030102
20260901075807
20260901103000
20260901110500
20260901123000
20260901124500
20260901140000
20260901141000
20260901153000
20260901154500
20260901220000
20260901220001
20260902024746
20260902024908
20260902024934
20260902031500
20260902051032
20260902082733
20260902113000
20260902120000
20260902215932
20260902225024
20260902225039
20260903002918
20260903013803
20260903030126
20260903053435
20260903053436
20260903073000
20260903081500
20260903083200
20260903084000
20260903084500
20260903085000
20260903120000
20260903130000
20260903140000
20260903150000
20260903150001
